(kicad_pcb (version 20171130) (host pcbnew "(5.0.2)-1")

  (general
    (thickness 1.6)
    (drawings 203)
    (tracks 132)
    (zones 0)
    (modules 413)
    (nets 13)
  )

  (page A4)
  (layers
    (0 F.Cu signal)
    (31 B.Cu signal hide)
    (32 B.Adhes user hide)
    (33 F.Adhes user hide)
    (34 B.Paste user hide)
    (35 F.Paste user hide)
    (36 B.SilkS user)
    (37 F.SilkS user)
    (38 B.Mask user hide)
    (39 F.Mask user hide)
    (40 Dwgs.User user hide)
    (41 Cmts.User user hide)
    (42 Eco1.User user hide)
    (43 Eco2.User user hide)
    (44 Edge.Cuts user)
    (45 Margin user hide)
    (46 B.CrtYd user hide)
    (47 F.CrtYd user hide)
    (48 B.Fab user hide)
    (49 F.Fab user hide)
  )

  (setup
    (last_trace_width 1)
    (trace_clearance 0.2)
    (zone_clearance 0.3)
    (zone_45_only no)
    (trace_min 0.2)
    (segment_width 0.2)
    (edge_width 0.15)
    (via_size 0.8)
    (via_drill 0.4)
    (via_min_size 0.4)
    (via_min_drill 0.3)
    (uvia_size 0.3)
    (uvia_drill 0.1)
    (uvias_allowed no)
    (uvia_min_size 0.2)
    (uvia_min_drill 0.1)
    (pcb_text_width 0.3)
    (pcb_text_size 1.5 1.5)
    (mod_edge_width 0.15)
    (mod_text_size 1 1)
    (mod_text_width 0.15)
    (pad_size 1.7 1.7)
    (pad_drill 1)
    (pad_to_mask_clearance 0.2)
    (solder_mask_min_width 0.25)
    (aux_axis_origin 0 0)
    (visible_elements 7FFFE7FF)
    (pcbplotparams
      (layerselection 0x010f0_ffffffff)
      (usegerberextensions false)
      (usegerberattributes false)
      (usegerberadvancedattributes false)
      (creategerberjobfile false)
      (excludeedgelayer true)
      (linewidth 0.100000)
      (plotframeref false)
      (viasonmask false)
      (mode 1)
      (useauxorigin false)
      (hpglpennumber 1)
      (hpglpenspeed 20)
      (hpglpendiameter 15.000000)
      (psnegative false)
      (psa4output false)
      (plotreference true)
      (plotvalue true)
      (plotinvisibletext false)
      (padsonsilk false)
      (subtractmaskfromsilk false)
      (outputformat 1)
      (mirror false)
      (drillshape 0)
      (scaleselection 1)
      (outputdirectory "Gerbers/"))
  )

  (net 0 "")
  (net 1 GND)
  (net 2 +5V)
  (net 3 /MISO)
  (net 4 /GPIO16)
  (net 5 /MOSI)
  (net 6 /GPIO5)
  (net 7 /CS)
  (net 8 /GPIO9)
  (net 9 /SCLK)
  (net 10 /GPIO10)
  (net 11 /GPIO13)
  (net 12 /GPIO12)

  (net_class Default "This is the default net class."
    (clearance 0.2)
    (trace_width 1)
    (via_dia 0.8)
    (via_drill 0.4)
    (uvia_dia 0.3)
    (uvia_drill 0.1)
    (add_net +5V)
    (add_net /CS)
    (add_net /GPIO10)
    (add_net /GPIO12)
    (add_net /GPIO13)
    (add_net /GPIO16)
    (add_net /GPIO5)
    (add_net /GPIO9)
    (add_net /MISO)
    (add_net /MOSI)
    (add_net /SCLK)
    (add_net GND)
  )

  (module MountingHole:MountingHole_3.2mm_M3 (layer F.Cu) (tedit 5E9B715C) (tstamp 5E9B88D7)
    (at 119.5832 126.0348)
    (descr "Mounting Hole 3.2mm, no annular, M3")
    (tags "mounting hole 3.2mm no annular m3")
    (attr virtual)
    (fp_text reference REF** (at -1.016 -2.6924) (layer F.SilkS) hide
      (effects (font (size 1 1) (thickness 0.15)))
    )
    (fp_text value MountingHole_3.2mm_M3 (at 0 4.2) (layer F.Fab)
      (effects (font (size 1 1) (thickness 0.15)))
    )
    (fp_circle (center 0 0) (end 3.45 0) (layer F.CrtYd) (width 0.05))
    (fp_circle (center 0 0) (end 3.2 0) (layer Cmts.User) (width 0.15))
    (fp_text user %R (at 0.3 0) (layer F.Fab)
      (effects (font (size 1 1) (thickness 0.15)))
    )
    (pad 1 np_thru_hole circle (at 0 0) (size 3.2 3.2) (drill 3.2) (layers *.Cu *.Mask))
  )

  (module MountingHole:MountingHole_3.2mm_M3 (layer F.Cu) (tedit 5E9B716F) (tstamp 5E9B905D)
    (at 151.8412 70.0532)
    (descr "Mounting Hole 3.2mm, no annular, M3")
    (tags "mounting hole 3.2mm no annular m3")
    (attr virtual)
    (fp_text reference REF** (at -3.8608 -1.524) (layer F.SilkS) hide
      (effects (font (size 1 1) (thickness 0.15)))
    )
    (fp_text value MountingHole_3.2mm_M3 (at 0 4.2) (layer F.Fab)
      (effects (font (size 1 1) (thickness 0.15)))
    )
    (fp_text user %R (at 0.3 0) (layer F.Fab)
      (effects (font (size 1 1) (thickness 0.15)))
    )
    (fp_circle (center 0 0) (end 3.2 0) (layer Cmts.User) (width 0.15))
    (fp_circle (center 0 0) (end 3.45 0) (layer F.CrtYd) (width 0.05))
    (pad 1 np_thru_hole circle (at 0 0) (size 3.2 3.2) (drill 3.2) (layers *.Cu *.Mask))
  )

  (module Footprints:Pin_D0.9mm_L10.0mm_W2.4mm (layer F.Cu) (tedit 5E99B4E5) (tstamp 5E9B5E35)
    (at 116.0272 118.5164 240)
    (descr "solder Pin_ with flat fork, hole diameter 0.9mm, length 10.0mm, width 2.4mm")
    (tags "solder Pin_ with flat fork")
    (fp_text reference REF** (at 0 1.95 240) (layer Dwgs.User) hide
      (effects (font (size 1 1) (thickness 0.15)))
    )
    (fp_text value Pin_D0.9mm_L10.0mm_W2.4mm_FlatFork (at 0 -2.05 240) (layer F.Fab)
      (effects (font (size 1 1) (thickness 0.15)))
    )
    (fp_text user %R (at 0 1.95 240) (layer F.Fab)
      (effects (font (size 1 1) (thickness 0.15)))
    )
    (fp_line (start -1.199999 -0.25) (end -1.2 0.249999) (layer F.Fab) (width 0.12))
    (fp_line (start -1.2 0.249999) (end 1.199999 0.25) (layer F.Fab) (width 0.12))
    (fp_line (start 1.199999 0.25) (end 1.2 -0.249999) (layer F.Fab) (width 0.12))
    (fp_line (start 1.2 -0.249999) (end -1.199999 -0.25) (layer F.Fab) (width 0.12))
    (fp_line (start -1.7 -1.4) (end 1.7 -1.4) (layer F.CrtYd) (width 0.05))
    (fp_line (start -1.7 -1.4) (end -1.7 1.4) (layer F.CrtYd) (width 0.05))
    (fp_line (start 1.7 1.4) (end 1.7 -1.4) (layer F.CrtYd) (width 0.05))
    (fp_line (start 1.7 1.4) (end -1.7 1.4) (layer F.CrtYd) (width 0.05))
    (pad 1 thru_hole circle (at 0 0 240) (size 1.8 1.8) (drill 1) (layers *.Cu *.Mask)
      (net 1 GND))
  )

  (module Footprints:Pin_D0.9mm_L10.0mm_W2.4mm (layer F.Cu) (tedit 5E99B500) (tstamp 5E9B5DAC)
    (at 123.952 132.3848)
    (descr "solder Pin_ with flat fork, hole diameter 0.9mm, length 10.0mm, width 2.4mm")
    (tags "solder Pin_ with flat fork")
    (fp_text reference REF** (at 0 1.95) (layer Dwgs.User) hide
      (effects (font (size 1 1) (thickness 0.15)))
    )
    (fp_text value Pin_D0.9mm_L10.0mm_W2.4mm_FlatFork (at 0 -2.05) (layer F.Fab)
      (effects (font (size 1 1) (thickness 0.15)))
    )
    (fp_text user %R (at 0 1.95) (layer F.Fab)
      (effects (font (size 1 1) (thickness 0.15)))
    )
    (fp_line (start -1.2 -0.25) (end -1.2 0.25) (layer F.Fab) (width 0.12))
    (fp_line (start -1.2 0.25) (end 1.2 0.25) (layer F.Fab) (width 0.12))
    (fp_line (start 1.2 0.25) (end 1.2 -0.25) (layer F.Fab) (width 0.12))
    (fp_line (start 1.2 -0.25) (end -1.2 -0.25) (layer F.Fab) (width 0.12))
    (fp_line (start -1.7 -1.4) (end 1.7 -1.4) (layer F.CrtYd) (width 0.05))
    (fp_line (start -1.7 -1.4) (end -1.7 1.4) (layer F.CrtYd) (width 0.05))
    (fp_line (start 1.7 1.4) (end 1.7 -1.4) (layer F.CrtYd) (width 0.05))
    (fp_line (start 1.7 1.4) (end -1.7 1.4) (layer F.CrtYd) (width 0.05))
    (pad 1 thru_hole circle (at 0 0) (size 1.8 1.8) (drill 1) (layers *.Cu *.Mask)
      (net 1 GND))
  )

  (module Footprints:Pin_D0.9mm_L10.0mm_W2.4mm (layer F.Cu) (tedit 5E99B441) (tstamp 5E9B5A76)
    (at 143.9672 70.104 240)
    (descr "solder Pin_ with flat fork, hole diameter 0.9mm, length 10.0mm, width 2.4mm")
    (tags "solder Pin_ with flat fork")
    (fp_text reference REF** (at 0 1.95 240) (layer Dwgs.User) hide
      (effects (font (size 1 1) (thickness 0.15)))
    )
    (fp_text value Pin_D0.9mm_L10.0mm_W2.4mm_FlatFork (at 0 -2.05 240) (layer F.Fab)
      (effects (font (size 1 1) (thickness 0.15)))
    )
    (fp_line (start 1.7 1.4) (end -1.7 1.4) (layer F.CrtYd) (width 0.05))
    (fp_line (start 1.7 1.4) (end 1.7 -1.4) (layer F.CrtYd) (width 0.05))
    (fp_line (start -1.7 -1.4) (end -1.7 1.4) (layer F.CrtYd) (width 0.05))
    (fp_line (start -1.7 -1.4) (end 1.7 -1.4) (layer F.CrtYd) (width 0.05))
    (fp_line (start 1.2 -0.249999) (end -1.199999 -0.25) (layer F.Fab) (width 0.12))
    (fp_line (start 1.199999 0.25) (end 1.2 -0.249999) (layer F.Fab) (width 0.12))
    (fp_line (start -1.2 0.249999) (end 1.199999 0.25) (layer F.Fab) (width 0.12))
    (fp_line (start -1.199999 -0.25) (end -1.2 0.249999) (layer F.Fab) (width 0.12))
    (fp_text user %R (at 0 1.95 240) (layer F.Fab)
      (effects (font (size 1 1) (thickness 0.15)))
    )
    (pad 1 thru_hole circle (at 0 0 240) (size 1.8 1.8) (drill 1) (layers *.Cu *.Mask)
      (net 1 GND))
  )

  (module Footprints:Pin_D0.9mm_L10.0mm_W2.4mm (layer F.Cu) (tedit 5E99B41C) (tstamp 5E9B5A17)
    (at 159.766 70.104 120)
    (descr "solder Pin_ with flat fork, hole diameter 0.9mm, length 10.0mm, width 2.4mm")
    (tags "solder Pin_ with flat fork")
    (fp_text reference REF** (at 0 1.95 120) (layer Dwgs.User) hide
      (effects (font (size 1 1) (thickness 0.15)))
    )
    (fp_text value Pin_D0.9mm_L10.0mm_W2.4mm_FlatFork (at 0 -2.05 120) (layer F.Fab)
      (effects (font (size 1 1) (thickness 0.15)))
    )
    (fp_text user %R (at 0 1.95 120) (layer F.Fab)
      (effects (font (size 1 1) (thickness 0.15)))
    )
    (fp_line (start -1.2 -0.249999) (end -1.199999 0.25) (layer F.Fab) (width 0.12))
    (fp_line (start -1.199999 0.25) (end 1.2 0.249999) (layer F.Fab) (width 0.12))
    (fp_line (start 1.2 0.249999) (end 1.199999 -0.25) (layer F.Fab) (width 0.12))
    (fp_line (start 1.199999 -0.25) (end -1.2 -0.249999) (layer F.Fab) (width 0.12))
    (fp_line (start -1.7 -1.4) (end 1.7 -1.4) (layer F.CrtYd) (width 0.05))
    (fp_line (start -1.7 -1.4) (end -1.7 1.4) (layer F.CrtYd) (width 0.05))
    (fp_line (start 1.7 1.4) (end 1.7 -1.4) (layer F.CrtYd) (width 0.05))
    (fp_line (start 1.7 1.4) (end -1.7 1.4) (layer F.CrtYd) (width 0.05))
    (pad 1 thru_hole circle (at 0 0 120) (size 1.8 1.8) (drill 1) (layers *.Cu *.Mask)
      (net 1 GND))
  )

  (module Footprints:Pin_D0.9mm_L10.0mm_W2.4mm (layer F.Cu) (tedit 5E99B507) (tstamp 5E9B5310)
    (at 187.706 118.5164 120)
    (descr "solder Pin_ with flat fork, hole diameter 0.9mm, length 10.0mm, width 2.4mm")
    (tags "solder Pin_ with flat fork")
    (fp_text reference REF** (at 0 1.95 120) (layer Dwgs.User) hide
      (effects (font (size 1 1) (thickness 0.15)))
    )
    (fp_text value Pin_D0.9mm_L10.0mm_W2.4mm_FlatFork (at 0 -2.05 120) (layer F.Fab)
      (effects (font (size 1 1) (thickness 0.15)))
    )
    (fp_line (start 1.7 1.4) (end -1.7 1.4) (layer F.CrtYd) (width 0.05))
    (fp_line (start 1.7 1.4) (end 1.7 -1.4) (layer F.CrtYd) (width 0.05))
    (fp_line (start -1.7 -1.4) (end -1.7 1.4) (layer F.CrtYd) (width 0.05))
    (fp_line (start -1.7 -1.4) (end 1.7 -1.4) (layer F.CrtYd) (width 0.05))
    (fp_line (start 1.199999 -0.25) (end -1.2 -0.249999) (layer F.Fab) (width 0.12))
    (fp_line (start 1.2 0.249999) (end 1.199999 -0.25) (layer F.Fab) (width 0.12))
    (fp_line (start -1.199999 0.25) (end 1.2 0.249999) (layer F.Fab) (width 0.12))
    (fp_line (start -1.2 -0.249999) (end -1.199999 0.25) (layer F.Fab) (width 0.12))
    (fp_text user %R (at 0 1.95 120) (layer F.Fab)
      (effects (font (size 1 1) (thickness 0.15)))
    )
    (pad 1 thru_hole circle (at 0 0 120) (size 1.8 1.8) (drill 1) (layers *.Cu *.Mask)
      (net 1 GND))
  )

  (module Footprints:Pin_D0.9mm_L10.0mm_W2.4mm (layer F.Cu) (tedit 5E99B525) (tstamp 5E9B52BF)
    (at 179.8193 132.334)
    (descr "solder Pin_ with flat fork, hole diameter 0.9mm, length 10.0mm, width 2.4mm")
    (tags "solder Pin_ with flat fork")
    (fp_text reference REF** (at 0 1.95) (layer Dwgs.User) hide
      (effects (font (size 1 1) (thickness 0.15)))
    )
    (fp_text value Pin_D0.9mm_L10.0mm_W2.4mm_FlatFork (at 0 -2.05) (layer F.Fab)
      (effects (font (size 1 1) (thickness 0.15)))
    )
    (fp_line (start 1.7 1.4) (end -1.7 1.4) (layer F.CrtYd) (width 0.05))
    (fp_line (start 1.7 1.4) (end 1.7 -1.4) (layer F.CrtYd) (width 0.05))
    (fp_line (start -1.7 -1.4) (end -1.7 1.4) (layer F.CrtYd) (width 0.05))
    (fp_line (start -1.7 -1.4) (end 1.7 -1.4) (layer F.CrtYd) (width 0.05))
    (fp_line (start 1.2 -0.25) (end -1.2 -0.25) (layer F.Fab) (width 0.12))
    (fp_line (start 1.2 0.25) (end 1.2 -0.25) (layer F.Fab) (width 0.12))
    (fp_line (start -1.2 0.25) (end 1.2 0.25) (layer F.Fab) (width 0.12))
    (fp_line (start -1.2 -0.25) (end -1.2 0.25) (layer F.Fab) (width 0.12))
    (fp_text user %R (at 0 1.95) (layer F.Fab)
      (effects (font (size 1 1) (thickness 0.15)))
    )
    (pad 1 thru_hole circle (at 0 0) (size 1.8 1.8) (drill 1) (layers *.Cu *.Mask)
      (net 1 GND))
  )

  (module Footprints:Pin_D0.9mm_L10.0mm_W2.4mm (layer F.Cu) (tedit 5E998EA3) (tstamp 5EB7F935)
    (at 155.132942 87.510167 120)
    (descr "solder Pin_ with flat fork, hole diameter 0.9mm, length 10.0mm, width 2.4mm")
    (tags "solder Pin_ with flat fork")
    (fp_text reference REF** (at 0 1.95 120) (layer Dwgs.User) hide
      (effects (font (size 1 1) (thickness 0.15)))
    )
    (fp_text value Pin_D0.9mm_L10.0mm_W2.4mm_FlatFork (at 0 -2.05 120) (layer F.Fab)
      (effects (font (size 1 1) (thickness 0.15)))
    )
    (fp_line (start 1.7 1.4) (end -1.7 1.4) (layer F.CrtYd) (width 0.05))
    (fp_line (start 1.7 1.4) (end 1.7 -1.4) (layer F.CrtYd) (width 0.05))
    (fp_line (start -1.7 -1.4) (end -1.7 1.4) (layer F.CrtYd) (width 0.05))
    (fp_line (start -1.7 -1.4) (end 1.7 -1.4) (layer F.CrtYd) (width 0.05))
    (fp_line (start 1.199999 -0.25) (end -1.2 -0.249999) (layer F.Fab) (width 0.12))
    (fp_line (start 1.2 0.249999) (end 1.199999 -0.25) (layer F.Fab) (width 0.12))
    (fp_line (start -1.199999 0.25) (end 1.2 0.249999) (layer F.Fab) (width 0.12))
    (fp_line (start -1.2 -0.249999) (end -1.199999 0.25) (layer F.Fab) (width 0.12))
    (fp_text user %R (at 0 1.95 120) (layer F.Fab)
      (effects (font (size 1 1) (thickness 0.15)))
    )
    (pad 1 thru_hole circle (at 0 0 120) (size 1.8 1.8) (drill 1) (layers *.Cu *.Mask))
  )

  (module Footprints:Pin_D0.9mm_L10.0mm_W2.4mm (layer F.Cu) (tedit 5E998E9C) (tstamp 5EB7F928)
    (at 152.933238 88.780167 120)
    (descr "solder Pin_ with flat fork, hole diameter 0.9mm, length 10.0mm, width 2.4mm")
    (tags "solder Pin_ with flat fork")
    (fp_text reference REF** (at 0 1.95 120) (layer Dwgs.User) hide
      (effects (font (size 1 1) (thickness 0.15)))
    )
    (fp_text value Pin_D0.9mm_L10.0mm_W2.4mm_FlatFork (at 0 -2.05 120) (layer F.Fab)
      (effects (font (size 1 1) (thickness 0.15)))
    )
    (fp_text user %R (at 0 1.95 120) (layer F.Fab)
      (effects (font (size 1 1) (thickness 0.15)))
    )
    (fp_line (start -1.2 -0.249999) (end -1.199999 0.25) (layer F.Fab) (width 0.12))
    (fp_line (start -1.199999 0.25) (end 1.2 0.249999) (layer F.Fab) (width 0.12))
    (fp_line (start 1.2 0.249999) (end 1.199999 -0.25) (layer F.Fab) (width 0.12))
    (fp_line (start 1.199999 -0.25) (end -1.2 -0.249999) (layer F.Fab) (width 0.12))
    (fp_line (start -1.7 -1.4) (end 1.7 -1.4) (layer F.CrtYd) (width 0.05))
    (fp_line (start -1.7 -1.4) (end -1.7 1.4) (layer F.CrtYd) (width 0.05))
    (fp_line (start 1.7 1.4) (end 1.7 -1.4) (layer F.CrtYd) (width 0.05))
    (fp_line (start 1.7 1.4) (end -1.7 1.4) (layer F.CrtYd) (width 0.05))
    (pad 1 thru_hole circle (at 0 0 120) (size 1.8 1.8) (drill 1) (layers *.Cu *.Mask))
  )

  (module Footprints:Pin_D0.9mm_L10.0mm_W2.4mm (layer F.Cu) (tedit 5E998E9C) (tstamp 5EB794DE)
    (at 168.173238 115.095212 120)
    (descr "solder Pin_ with flat fork, hole diameter 0.9mm, length 10.0mm, width 2.4mm")
    (tags "solder Pin_ with flat fork")
    (fp_text reference REF** (at 0 1.95 120) (layer Dwgs.User) hide
      (effects (font (size 1 1) (thickness 0.15)))
    )
    (fp_text value Pin_D0.9mm_L10.0mm_W2.4mm_FlatFork (at 0 -2.05 120) (layer F.Fab)
      (effects (font (size 1 1) (thickness 0.15)))
    )
    (fp_line (start 1.7 1.4) (end -1.7 1.4) (layer F.CrtYd) (width 0.05))
    (fp_line (start 1.7 1.4) (end 1.7 -1.4) (layer F.CrtYd) (width 0.05))
    (fp_line (start -1.7 -1.4) (end -1.7 1.4) (layer F.CrtYd) (width 0.05))
    (fp_line (start -1.7 -1.4) (end 1.7 -1.4) (layer F.CrtYd) (width 0.05))
    (fp_line (start 1.199999 -0.25) (end -1.2 -0.249999) (layer F.Fab) (width 0.12))
    (fp_line (start 1.2 0.249999) (end 1.199999 -0.25) (layer F.Fab) (width 0.12))
    (fp_line (start -1.199999 0.25) (end 1.2 0.249999) (layer F.Fab) (width 0.12))
    (fp_line (start -1.2 -0.249999) (end -1.199999 0.25) (layer F.Fab) (width 0.12))
    (fp_text user %R (at 0 1.95 120) (layer F.Fab)
      (effects (font (size 1 1) (thickness 0.15)))
    )
    (pad 1 thru_hole circle (at 0 0 120) (size 1.8 1.8) (drill 1) (layers *.Cu *.Mask))
  )

  (module Footprints:Pin_D0.9mm_L10.0mm_W2.4mm (layer F.Cu) (tedit 5E998EA3) (tstamp 5EB794D1)
    (at 170.372942 113.825213 120)
    (descr "solder Pin_ with flat fork, hole diameter 0.9mm, length 10.0mm, width 2.4mm")
    (tags "solder Pin_ with flat fork")
    (fp_text reference REF** (at 0 1.95 120) (layer Dwgs.User) hide
      (effects (font (size 1 1) (thickness 0.15)))
    )
    (fp_text value Pin_D0.9mm_L10.0mm_W2.4mm_FlatFork (at 0 -2.05 120) (layer F.Fab)
      (effects (font (size 1 1) (thickness 0.15)))
    )
    (fp_text user %R (at 0 1.95 120) (layer F.Fab)
      (effects (font (size 1 1) (thickness 0.15)))
    )
    (fp_line (start -1.2 -0.249999) (end -1.199999 0.25) (layer F.Fab) (width 0.12))
    (fp_line (start -1.199999 0.25) (end 1.2 0.249999) (layer F.Fab) (width 0.12))
    (fp_line (start 1.2 0.249999) (end 1.199999 -0.25) (layer F.Fab) (width 0.12))
    (fp_line (start 1.199999 -0.25) (end -1.2 -0.249999) (layer F.Fab) (width 0.12))
    (fp_line (start -1.7 -1.4) (end 1.7 -1.4) (layer F.CrtYd) (width 0.05))
    (fp_line (start -1.7 -1.4) (end -1.7 1.4) (layer F.CrtYd) (width 0.05))
    (fp_line (start 1.7 1.4) (end 1.7 -1.4) (layer F.CrtYd) (width 0.05))
    (fp_line (start 1.7 1.4) (end -1.7 1.4) (layer F.CrtYd) (width 0.05))
    (pad 1 thru_hole circle (at 0 0 120) (size 1.8 1.8) (drill 1) (layers *.Cu *.Mask))
  )

  (module Footprints:Pin_D0.9mm_L10.0mm_W2.4mm (layer F.Cu) (tedit 5E998E96) (tstamp 5EB70747)
    (at 150.866065 88.765025 240)
    (descr "solder Pin_ with flat fork, hole diameter 0.9mm, length 10.0mm, width 2.4mm")
    (tags "solder Pin_ with flat fork")
    (fp_text reference REF** (at 0 1.95 240) (layer Dwgs.User) hide
      (effects (font (size 1 1) (thickness 0.15)))
    )
    (fp_text value Pin_D0.9mm_L10.0mm_W2.4mm_FlatFork (at 0 -2.05 240) (layer F.Fab)
      (effects (font (size 1 1) (thickness 0.15)))
    )
    (fp_line (start 1.7 1.4) (end -1.7 1.4) (layer F.CrtYd) (width 0.05))
    (fp_line (start 1.7 1.4) (end 1.7 -1.4) (layer F.CrtYd) (width 0.05))
    (fp_line (start -1.7 -1.4) (end -1.7 1.4) (layer F.CrtYd) (width 0.05))
    (fp_line (start -1.7 -1.4) (end 1.7 -1.4) (layer F.CrtYd) (width 0.05))
    (fp_line (start 1.2 -0.249999) (end -1.199999 -0.25) (layer F.Fab) (width 0.12))
    (fp_line (start 1.199999 0.25) (end 1.2 -0.249999) (layer F.Fab) (width 0.12))
    (fp_line (start -1.2 0.249999) (end 1.199999 0.25) (layer F.Fab) (width 0.12))
    (fp_line (start -1.199999 -0.25) (end -1.2 0.249999) (layer F.Fab) (width 0.12))
    (fp_text user %R (at 0 1.95 240) (layer F.Fab)
      (effects (font (size 1 1) (thickness 0.15)))
    )
    (pad 1 thru_hole circle (at 0 0 240) (size 1.8 1.8) (drill 1) (layers *.Cu *.Mask))
  )

  (module Footprints:Pin_D0.9mm_L10.0mm_W2.4mm (layer F.Cu) (tedit 5E998EA0) (tstamp 5EB7073A)
    (at 148.666361 87.495025 240)
    (descr "solder Pin_ with flat fork, hole diameter 0.9mm, length 10.0mm, width 2.4mm")
    (tags "solder Pin_ with flat fork")
    (fp_text reference REF** (at 0 1.95 240) (layer Dwgs.User) hide
      (effects (font (size 1 1) (thickness 0.15)))
    )
    (fp_text value Pin_D0.9mm_L10.0mm_W2.4mm_FlatFork (at 0 -2.05 240) (layer F.Fab)
      (effects (font (size 1 1) (thickness 0.15)))
    )
    (fp_text user %R (at 0 1.95 240) (layer F.Fab)
      (effects (font (size 1 1) (thickness 0.15)))
    )
    (fp_line (start -1.199999 -0.25) (end -1.2 0.249999) (layer F.Fab) (width 0.12))
    (fp_line (start -1.2 0.249999) (end 1.199999 0.25) (layer F.Fab) (width 0.12))
    (fp_line (start 1.199999 0.25) (end 1.2 -0.249999) (layer F.Fab) (width 0.12))
    (fp_line (start 1.2 -0.249999) (end -1.199999 -0.25) (layer F.Fab) (width 0.12))
    (fp_line (start -1.7 -1.4) (end 1.7 -1.4) (layer F.CrtYd) (width 0.05))
    (fp_line (start -1.7 -1.4) (end -1.7 1.4) (layer F.CrtYd) (width 0.05))
    (fp_line (start 1.7 1.4) (end 1.7 -1.4) (layer F.CrtYd) (width 0.05))
    (fp_line (start 1.7 1.4) (end -1.7 1.4) (layer F.CrtYd) (width 0.05))
    (pad 1 thru_hole circle (at 0 0 240) (size 1.8 1.8) (drill 1) (layers *.Cu *.Mask))
  )

  (module Footprints:Pin_D0.9mm_L10.0mm_W2.4mm (layer F.Cu) (tedit 5E998E96) (tstamp 5EB68EE7)
    (at 167.1193 117.1321)
    (descr "solder Pin_ with flat fork, hole diameter 0.9mm, length 10.0mm, width 2.4mm")
    (tags "solder Pin_ with flat fork")
    (fp_text reference REF** (at 0 1.95) (layer Dwgs.User) hide
      (effects (font (size 1 1) (thickness 0.15)))
    )
    (fp_text value Pin_D0.9mm_L10.0mm_W2.4mm_FlatFork (at 0 -2.05) (layer F.Fab)
      (effects (font (size 1 1) (thickness 0.15)))
    )
    (fp_line (start 1.7 1.4) (end -1.7 1.4) (layer F.CrtYd) (width 0.05))
    (fp_line (start 1.7 1.4) (end 1.7 -1.4) (layer F.CrtYd) (width 0.05))
    (fp_line (start -1.7 -1.4) (end -1.7 1.4) (layer F.CrtYd) (width 0.05))
    (fp_line (start -1.7 -1.4) (end 1.7 -1.4) (layer F.CrtYd) (width 0.05))
    (fp_line (start 1.2 -0.25) (end -1.2 -0.25) (layer F.Fab) (width 0.12))
    (fp_line (start 1.2 0.25) (end 1.2 -0.25) (layer F.Fab) (width 0.12))
    (fp_line (start -1.2 0.25) (end 1.2 0.25) (layer F.Fab) (width 0.12))
    (fp_line (start -1.2 -0.25) (end -1.2 0.25) (layer F.Fab) (width 0.12))
    (fp_text user %R (at 0 1.95) (layer F.Fab)
      (effects (font (size 1 1) (thickness 0.15)))
    )
    (pad 1 thru_hole circle (at 0 0) (size 1.8 1.8) (drill 1) (layers *.Cu *.Mask))
  )

  (module Footprints:Pin_D0.9mm_L10.0mm_W2.4mm (layer F.Cu) (tedit 5E998EA0) (tstamp 5EB68EDA)
    (at 167.1193 119.6721)
    (descr "solder Pin_ with flat fork, hole diameter 0.9mm, length 10.0mm, width 2.4mm")
    (tags "solder Pin_ with flat fork")
    (fp_text reference REF** (at 0 1.95) (layer Dwgs.User) hide
      (effects (font (size 1 1) (thickness 0.15)))
    )
    (fp_text value Pin_D0.9mm_L10.0mm_W2.4mm_FlatFork (at 0 -2.05) (layer F.Fab)
      (effects (font (size 1 1) (thickness 0.15)))
    )
    (fp_text user %R (at 0 1.95) (layer F.Fab)
      (effects (font (size 1 1) (thickness 0.15)))
    )
    (fp_line (start -1.2 -0.25) (end -1.2 0.25) (layer F.Fab) (width 0.12))
    (fp_line (start -1.2 0.25) (end 1.2 0.25) (layer F.Fab) (width 0.12))
    (fp_line (start 1.2 0.25) (end 1.2 -0.25) (layer F.Fab) (width 0.12))
    (fp_line (start 1.2 -0.25) (end -1.2 -0.25) (layer F.Fab) (width 0.12))
    (fp_line (start -1.7 -1.4) (end 1.7 -1.4) (layer F.CrtYd) (width 0.05))
    (fp_line (start -1.7 -1.4) (end -1.7 1.4) (layer F.CrtYd) (width 0.05))
    (fp_line (start 1.7 1.4) (end 1.7 -1.4) (layer F.CrtYd) (width 0.05))
    (fp_line (start 1.7 1.4) (end -1.7 1.4) (layer F.CrtYd) (width 0.05))
    (pad 1 thru_hole circle (at 0 0) (size 1.8 1.8) (drill 1) (layers *.Cu *.Mask))
  )

  (module Footprints:Pin_D0.9mm_L10.0mm_W2.4mm (layer F.Cu) (tedit 5E998E96) (tstamp 5EB687F0)
    (at 136.6393 117.1321)
    (descr "solder Pin_ with flat fork, hole diameter 0.9mm, length 10.0mm, width 2.4mm")
    (tags "solder Pin_ with flat fork")
    (fp_text reference REF** (at 0 1.95) (layer Dwgs.User) hide
      (effects (font (size 1 1) (thickness 0.15)))
    )
    (fp_text value Pin_D0.9mm_L10.0mm_W2.4mm_FlatFork (at 0 -2.05) (layer F.Fab)
      (effects (font (size 1 1) (thickness 0.15)))
    )
    (fp_text user %R (at 0 1.95) (layer F.Fab)
      (effects (font (size 1 1) (thickness 0.15)))
    )
    (fp_line (start -1.2 -0.25) (end -1.2 0.25) (layer F.Fab) (width 0.12))
    (fp_line (start -1.2 0.25) (end 1.2 0.25) (layer F.Fab) (width 0.12))
    (fp_line (start 1.2 0.25) (end 1.2 -0.25) (layer F.Fab) (width 0.12))
    (fp_line (start 1.2 -0.25) (end -1.2 -0.25) (layer F.Fab) (width 0.12))
    (fp_line (start -1.7 -1.4) (end 1.7 -1.4) (layer F.CrtYd) (width 0.05))
    (fp_line (start -1.7 -1.4) (end -1.7 1.4) (layer F.CrtYd) (width 0.05))
    (fp_line (start 1.7 1.4) (end 1.7 -1.4) (layer F.CrtYd) (width 0.05))
    (fp_line (start 1.7 1.4) (end -1.7 1.4) (layer F.CrtYd) (width 0.05))
    (pad 1 thru_hole circle (at 0 0) (size 1.8 1.8) (drill 1) (layers *.Cu *.Mask))
  )

  (module Footprints:Pin_D0.9mm_L10.0mm_W2.4mm (layer F.Cu) (tedit 5E998EA0) (tstamp 5EB687E3)
    (at 136.6393 119.6721)
    (descr "solder Pin_ with flat fork, hole diameter 0.9mm, length 10.0mm, width 2.4mm")
    (tags "solder Pin_ with flat fork")
    (fp_text reference REF** (at 0 1.95) (layer Dwgs.User) hide
      (effects (font (size 1 1) (thickness 0.15)))
    )
    (fp_text value Pin_D0.9mm_L10.0mm_W2.4mm_FlatFork (at 0 -2.05) (layer F.Fab)
      (effects (font (size 1 1) (thickness 0.15)))
    )
    (fp_line (start 1.7 1.4) (end -1.7 1.4) (layer F.CrtYd) (width 0.05))
    (fp_line (start 1.7 1.4) (end 1.7 -1.4) (layer F.CrtYd) (width 0.05))
    (fp_line (start -1.7 -1.4) (end -1.7 1.4) (layer F.CrtYd) (width 0.05))
    (fp_line (start -1.7 -1.4) (end 1.7 -1.4) (layer F.CrtYd) (width 0.05))
    (fp_line (start 1.2 -0.25) (end -1.2 -0.25) (layer F.Fab) (width 0.12))
    (fp_line (start 1.2 0.25) (end 1.2 -0.25) (layer F.Fab) (width 0.12))
    (fp_line (start -1.2 0.25) (end 1.2 0.25) (layer F.Fab) (width 0.12))
    (fp_line (start -1.2 -0.25) (end -1.2 0.25) (layer F.Fab) (width 0.12))
    (fp_text user %R (at 0 1.95) (layer F.Fab)
      (effects (font (size 1 1) (thickness 0.15)))
    )
    (pad 1 thru_hole circle (at 0 0) (size 1.8 1.8) (drill 1) (layers *.Cu *.Mask))
  )

  (module Footprints:Pin_D0.9mm_L10.0mm_W2.4mm (layer F.Cu) (tedit 5E998E96) (tstamp 5EB65950)
    (at 135.626065 115.20707 240)
    (descr "solder Pin_ with flat fork, hole diameter 0.9mm, length 10.0mm, width 2.4mm")
    (tags "solder Pin_ with flat fork")
    (fp_text reference REF** (at 0 1.95 240) (layer Dwgs.User) hide
      (effects (font (size 1 1) (thickness 0.15)))
    )
    (fp_text value Pin_D0.9mm_L10.0mm_W2.4mm_FlatFork (at 0 -2.05 240) (layer F.Fab)
      (effects (font (size 1 1) (thickness 0.15)))
    )
    (fp_text user %R (at 0 1.95 240) (layer F.Fab)
      (effects (font (size 1 1) (thickness 0.15)))
    )
    (fp_line (start -1.199999 -0.25) (end -1.2 0.249999) (layer F.Fab) (width 0.12))
    (fp_line (start -1.2 0.249999) (end 1.199999 0.25) (layer F.Fab) (width 0.12))
    (fp_line (start 1.199999 0.25) (end 1.2 -0.249999) (layer F.Fab) (width 0.12))
    (fp_line (start 1.2 -0.249999) (end -1.199999 -0.25) (layer F.Fab) (width 0.12))
    (fp_line (start -1.7 -1.4) (end 1.7 -1.4) (layer F.CrtYd) (width 0.05))
    (fp_line (start -1.7 -1.4) (end -1.7 1.4) (layer F.CrtYd) (width 0.05))
    (fp_line (start 1.7 1.4) (end 1.7 -1.4) (layer F.CrtYd) (width 0.05))
    (fp_line (start 1.7 1.4) (end -1.7 1.4) (layer F.CrtYd) (width 0.05))
    (pad 1 thru_hole circle (at 0 0 240) (size 1.8 1.8) (drill 1) (layers *.Cu *.Mask))
  )

  (module Footprints:Pin_D0.9mm_L10.0mm_W2.4mm (layer F.Cu) (tedit 5E998EA0) (tstamp 5EB65943)
    (at 133.426361 113.93707 240)
    (descr "solder Pin_ with flat fork, hole diameter 0.9mm, length 10.0mm, width 2.4mm")
    (tags "solder Pin_ with flat fork")
    (fp_text reference REF** (at 0 1.95 240) (layer Dwgs.User) hide
      (effects (font (size 1 1) (thickness 0.15)))
    )
    (fp_text value Pin_D0.9mm_L10.0mm_W2.4mm_FlatFork (at 0 -2.05 240) (layer F.Fab)
      (effects (font (size 1 1) (thickness 0.15)))
    )
    (fp_line (start 1.7 1.4) (end -1.7 1.4) (layer F.CrtYd) (width 0.05))
    (fp_line (start 1.7 1.4) (end 1.7 -1.4) (layer F.CrtYd) (width 0.05))
    (fp_line (start -1.7 -1.4) (end -1.7 1.4) (layer F.CrtYd) (width 0.05))
    (fp_line (start -1.7 -1.4) (end 1.7 -1.4) (layer F.CrtYd) (width 0.05))
    (fp_line (start 1.2 -0.249999) (end -1.199999 -0.25) (layer F.Fab) (width 0.12))
    (fp_line (start 1.199999 0.25) (end 1.2 -0.249999) (layer F.Fab) (width 0.12))
    (fp_line (start -1.2 0.249999) (end 1.199999 0.25) (layer F.Fab) (width 0.12))
    (fp_line (start -1.199999 -0.25) (end -1.2 0.249999) (layer F.Fab) (width 0.12))
    (fp_text user %R (at 0 1.95 240) (layer F.Fab)
      (effects (font (size 1 1) (thickness 0.15)))
    )
    (pad 1 thru_hole circle (at 0 0 240) (size 1.8 1.8) (drill 1) (layers *.Cu *.Mask))
  )

  (module Footprints:Pin_D0.9mm_L10.0mm_W2.4mm (layer F.Cu) (tedit 5E99B4A3) (tstamp 5E9C00B5)
    (at 177.2793 127.2921)
    (descr "solder Pin_ with flat fork, hole diameter 0.9mm, length 10.0mm, width 2.4mm")
    (tags "solder Pin_ with flat fork")
    (fp_text reference REF** (at 0 1.95) (layer Dwgs.User) hide
      (effects (font (size 1 1) (thickness 0.15)))
    )
    (fp_text value Pin_D0.9mm_L10.0mm_W2.4mm_FlatFork (at 0 -2.05) (layer F.Fab)
      (effects (font (size 1 1) (thickness 0.15)))
    )
    (fp_line (start 1.7 1.4) (end -1.7 1.4) (layer F.CrtYd) (width 0.05))
    (fp_line (start 1.7 1.4) (end 1.7 -1.4) (layer F.CrtYd) (width 0.05))
    (fp_line (start -1.7 -1.4) (end -1.7 1.4) (layer F.CrtYd) (width 0.05))
    (fp_line (start -1.7 -1.4) (end 1.7 -1.4) (layer F.CrtYd) (width 0.05))
    (fp_line (start 1.2 -0.25) (end -1.2 -0.25) (layer F.Fab) (width 0.12))
    (fp_line (start 1.2 0.25) (end 1.2 -0.25) (layer F.Fab) (width 0.12))
    (fp_line (start -1.2 0.25) (end 1.2 0.25) (layer F.Fab) (width 0.12))
    (fp_line (start -1.2 -0.25) (end -1.2 0.25) (layer F.Fab) (width 0.12))
    (fp_text user %R (at 0 1.95) (layer F.Fab)
      (effects (font (size 1 1) (thickness 0.15)))
    )
    (pad 1 thru_hole circle (at 0 0) (size 1.8 1.8) (drill 1) (layers *.Cu *.Mask)
      (net 2 +5V))
  )

  (module Footprints:Pin_D0.9mm_L10.0mm_W2.4mm (layer F.Cu) (tedit 5E99B4F5) (tstamp 5E9CADD2)
    (at 123.9393 124.7775)
    (descr "solder Pin_ with flat fork, hole diameter 0.9mm, length 10.0mm, width 2.4mm")
    (tags "solder Pin_ with flat fork")
    (fp_text reference REF** (at 0 1.95) (layer Dwgs.User) hide
      (effects (font (size 1 1) (thickness 0.15)))
    )
    (fp_text value Pin_D0.9mm_L10.0mm_W2.4mm_FlatFork (at 0 -2.05) (layer F.Fab)
      (effects (font (size 1 1) (thickness 0.15)))
    )
    (fp_line (start 1.7 1.4) (end -1.7 1.4) (layer F.CrtYd) (width 0.05))
    (fp_line (start 1.7 1.4) (end 1.7 -1.4) (layer F.CrtYd) (width 0.05))
    (fp_line (start -1.7 -1.4) (end -1.7 1.4) (layer F.CrtYd) (width 0.05))
    (fp_line (start -1.7 -1.4) (end 1.7 -1.4) (layer F.CrtYd) (width 0.05))
    (fp_line (start 1.2 -0.25) (end -1.2 -0.25) (layer F.Fab) (width 0.12))
    (fp_line (start 1.2 0.25) (end 1.2 -0.25) (layer F.Fab) (width 0.12))
    (fp_line (start -1.2 0.25) (end 1.2 0.25) (layer F.Fab) (width 0.12))
    (fp_line (start -1.2 -0.25) (end -1.2 0.25) (layer F.Fab) (width 0.12))
    (fp_text user %R (at 0 1.95) (layer F.Fab)
      (effects (font (size 1 1) (thickness 0.15)))
    )
    (pad 1 thru_hole circle (at 0 0) (size 1.8 1.8) (drill 1) (layers *.Cu *.Mask)
      (net 1 GND))
  )

  (module Footprints:Pin_D0.9mm_L10.0mm_W2.4mm (layer F.Cu) (tedit 5E99B51C) (tstamp 5E9CAD54)
    (at 179.8955 124.7775)
    (descr "solder Pin_ with flat fork, hole diameter 0.9mm, length 10.0mm, width 2.4mm")
    (tags "solder Pin_ with flat fork")
    (fp_text reference REF** (at 0 1.95) (layer Dwgs.User) hide
      (effects (font (size 1 1) (thickness 0.15)))
    )
    (fp_text value Pin_D0.9mm_L10.0mm_W2.4mm_FlatFork (at 0 -2.05) (layer F.Fab)
      (effects (font (size 1 1) (thickness 0.15)))
    )
    (fp_text user %R (at 0 1.95) (layer F.Fab)
      (effects (font (size 1 1) (thickness 0.15)))
    )
    (fp_line (start -1.2 -0.25) (end -1.2 0.25) (layer F.Fab) (width 0.12))
    (fp_line (start -1.2 0.25) (end 1.2 0.25) (layer F.Fab) (width 0.12))
    (fp_line (start 1.2 0.25) (end 1.2 -0.25) (layer F.Fab) (width 0.12))
    (fp_line (start 1.2 -0.25) (end -1.2 -0.25) (layer F.Fab) (width 0.12))
    (fp_line (start -1.7 -1.4) (end 1.7 -1.4) (layer F.CrtYd) (width 0.05))
    (fp_line (start -1.7 -1.4) (end -1.7 1.4) (layer F.CrtYd) (width 0.05))
    (fp_line (start 1.7 1.4) (end 1.7 -1.4) (layer F.CrtYd) (width 0.05))
    (fp_line (start 1.7 1.4) (end -1.7 1.4) (layer F.CrtYd) (width 0.05))
    (pad 1 thru_hole circle (at 0 0) (size 1.8 1.8) (drill 1) (layers *.Cu *.Mask)
      (net 1 GND))
  )

  (module Footprints:Pin_D0.9mm_L10.0mm_W2.4mm (layer F.Cu) (tedit 5E998E9C) (tstamp 5E9C2C8F)
    (at 146.466656 86.184321 240)
    (descr "solder Pin_ with flat fork, hole diameter 0.9mm, length 10.0mm, width 2.4mm")
    (tags "solder Pin_ with flat fork")
    (fp_text reference REF** (at 0 1.95 240) (layer Dwgs.User) hide
      (effects (font (size 1 1) (thickness 0.15)))
    )
    (fp_text value Pin_D0.9mm_L10.0mm_W2.4mm_FlatFork (at 0 -2.05 240) (layer F.Fab)
      (effects (font (size 1 1) (thickness 0.15)))
    )
    (fp_line (start 1.7 1.4) (end -1.7 1.4) (layer F.CrtYd) (width 0.05))
    (fp_line (start 1.7 1.4) (end 1.7 -1.4) (layer F.CrtYd) (width 0.05))
    (fp_line (start -1.7 -1.4) (end -1.7 1.4) (layer F.CrtYd) (width 0.05))
    (fp_line (start -1.7 -1.4) (end 1.7 -1.4) (layer F.CrtYd) (width 0.05))
    (fp_line (start 1.2 -0.249999) (end -1.199999 -0.25) (layer F.Fab) (width 0.12))
    (fp_line (start 1.199999 0.25) (end 1.2 -0.249999) (layer F.Fab) (width 0.12))
    (fp_line (start -1.2 0.249999) (end 1.199999 0.25) (layer F.Fab) (width 0.12))
    (fp_line (start -1.199999 -0.25) (end -1.2 0.249999) (layer F.Fab) (width 0.12))
    (fp_text user %R (at 0 1.95 240) (layer F.Fab)
      (effects (font (size 1 1) (thickness 0.15)))
    )
    (pad 1 thru_hole circle (at 0 0 240) (size 1.8 1.8) (drill 1) (layers *.Cu *.Mask))
  )

  (module Footprints:Pin_D0.9mm_L10.0mm_W2.4mm (layer F.Cu) (tedit 5E998EA0) (tstamp 5E9C2C82)
    (at 142.996952 87.114025 240)
    (descr "solder Pin_ with flat fork, hole diameter 0.9mm, length 10.0mm, width 2.4mm")
    (tags "solder Pin_ with flat fork")
    (fp_text reference REF** (at 0 1.95 240) (layer Dwgs.User) hide
      (effects (font (size 1 1) (thickness 0.15)))
    )
    (fp_text value Pin_D0.9mm_L10.0mm_W2.4mm_FlatFork (at 0 -2.05 240) (layer F.Fab)
      (effects (font (size 1 1) (thickness 0.15)))
    )
    (fp_text user %R (at 0 1.95 240) (layer F.Fab)
      (effects (font (size 1 1) (thickness 0.15)))
    )
    (fp_line (start -1.199999 -0.25) (end -1.2 0.249999) (layer F.Fab) (width 0.12))
    (fp_line (start -1.2 0.249999) (end 1.199999 0.25) (layer F.Fab) (width 0.12))
    (fp_line (start 1.199999 0.25) (end 1.2 -0.249999) (layer F.Fab) (width 0.12))
    (fp_line (start 1.2 -0.249999) (end -1.199999 -0.25) (layer F.Fab) (width 0.12))
    (fp_line (start -1.7 -1.4) (end 1.7 -1.4) (layer F.CrtYd) (width 0.05))
    (fp_line (start -1.7 -1.4) (end -1.7 1.4) (layer F.CrtYd) (width 0.05))
    (fp_line (start 1.7 1.4) (end 1.7 -1.4) (layer F.CrtYd) (width 0.05))
    (fp_line (start 1.7 1.4) (end -1.7 1.4) (layer F.CrtYd) (width 0.05))
    (pad 1 thru_hole circle (at 0 0 240) (size 1.8 1.8) (drill 1) (layers *.Cu *.Mask))
  )

  (module Footprints:Pin_D0.9mm_L10.0mm_W2.4mm (layer F.Cu) (tedit 5E998EA0) (tstamp 5E9C2C75)
    (at 140.456952 91.513434 240)
    (descr "solder Pin_ with flat fork, hole diameter 0.9mm, length 10.0mm, width 2.4mm")
    (tags "solder Pin_ with flat fork")
    (fp_text reference REF** (at 0 1.95 240) (layer Dwgs.User) hide
      (effects (font (size 1 1) (thickness 0.15)))
    )
    (fp_text value Pin_D0.9mm_L10.0mm_W2.4mm_FlatFork (at 0 -2.05 240) (layer F.Fab)
      (effects (font (size 1 1) (thickness 0.15)))
    )
    (fp_line (start 1.7 1.4) (end -1.7 1.4) (layer F.CrtYd) (width 0.05))
    (fp_line (start 1.7 1.4) (end 1.7 -1.4) (layer F.CrtYd) (width 0.05))
    (fp_line (start -1.7 -1.4) (end -1.7 1.4) (layer F.CrtYd) (width 0.05))
    (fp_line (start -1.7 -1.4) (end 1.7 -1.4) (layer F.CrtYd) (width 0.05))
    (fp_line (start 1.2 -0.249999) (end -1.199999 -0.25) (layer F.Fab) (width 0.12))
    (fp_line (start 1.199999 0.25) (end 1.2 -0.249999) (layer F.Fab) (width 0.12))
    (fp_line (start -1.2 0.249999) (end 1.199999 0.25) (layer F.Fab) (width 0.12))
    (fp_line (start -1.199999 -0.25) (end -1.2 0.249999) (layer F.Fab) (width 0.12))
    (fp_text user %R (at 0 1.95 240) (layer F.Fab)
      (effects (font (size 1 1) (thickness 0.15)))
    )
    (pad 1 thru_hole circle (at 0 0 240) (size 1.8 1.8) (drill 1) (layers *.Cu *.Mask))
  )

  (module Footprints:Pin_D0.9mm_L10.0mm_W2.4mm (layer F.Cu) (tedit 5E998EAE) (tstamp 5E9C2C5B)
    (at 138.597543 84.574025 240)
    (descr "solder Pin_ with flat fork, hole diameter 0.9mm, length 10.0mm, width 2.4mm")
    (tags "solder Pin_ with flat fork")
    (fp_text reference REF** (at 0 1.95 240) (layer Dwgs.User) hide
      (effects (font (size 1 1) (thickness 0.15)))
    )
    (fp_text value Pin_D0.9mm_L10.0mm_W2.4mm_FlatFork (at 0 -2.05 240) (layer F.Fab)
      (effects (font (size 1 1) (thickness 0.15)))
    )
    (fp_text user %R (at 0 1.95 240) (layer F.Fab)
      (effects (font (size 1 1) (thickness 0.15)))
    )
    (fp_line (start -1.199999 -0.25) (end -1.2 0.249999) (layer F.Fab) (width 0.12))
    (fp_line (start -1.2 0.249999) (end 1.199999 0.25) (layer F.Fab) (width 0.12))
    (fp_line (start 1.199999 0.25) (end 1.2 -0.249999) (layer F.Fab) (width 0.12))
    (fp_line (start 1.2 -0.249999) (end -1.199999 -0.25) (layer F.Fab) (width 0.12))
    (fp_line (start -1.7 -1.4) (end 1.7 -1.4) (layer F.CrtYd) (width 0.05))
    (fp_line (start -1.7 -1.4) (end -1.7 1.4) (layer F.CrtYd) (width 0.05))
    (fp_line (start 1.7 1.4) (end 1.7 -1.4) (layer F.CrtYd) (width 0.05))
    (fp_line (start 1.7 1.4) (end -1.7 1.4) (layer F.CrtYd) (width 0.05))
    (pad 1 thru_hole circle (at 0 0 240) (size 1.8 1.8) (drill 1) (layers *.Cu *.Mask))
  )

  (module Footprints:Pin_D0.9mm_L10.0mm_W2.4mm (layer F.Cu) (tedit 5E998EBA) (tstamp 5E9C2C4E)
    (at 135.127838 85.50373 240)
    (descr "solder Pin_ with flat fork, hole diameter 0.9mm, length 10.0mm, width 2.4mm")
    (tags "solder Pin_ with flat fork")
    (fp_text reference REF** (at 0 1.95 240) (layer Dwgs.User) hide
      (effects (font (size 1 1) (thickness 0.15)))
    )
    (fp_text value Pin_D0.9mm_L10.0mm_W2.4mm_FlatFork (at 0 -2.05 240) (layer F.Fab)
      (effects (font (size 1 1) (thickness 0.15)))
    )
    (fp_text user %R (at 0 1.95 240) (layer F.Fab)
      (effects (font (size 1 1) (thickness 0.15)))
    )
    (fp_line (start -1.199999 -0.25) (end -1.2 0.249999) (layer F.Fab) (width 0.12))
    (fp_line (start -1.2 0.249999) (end 1.199999 0.25) (layer F.Fab) (width 0.12))
    (fp_line (start 1.199999 0.25) (end 1.2 -0.249999) (layer F.Fab) (width 0.12))
    (fp_line (start 1.2 -0.249999) (end -1.199999 -0.25) (layer F.Fab) (width 0.12))
    (fp_line (start -1.7 -1.4) (end 1.7 -1.4) (layer F.CrtYd) (width 0.05))
    (fp_line (start -1.7 -1.4) (end -1.7 1.4) (layer F.CrtYd) (width 0.05))
    (fp_line (start 1.7 1.4) (end 1.7 -1.4) (layer F.CrtYd) (width 0.05))
    (fp_line (start 1.7 1.4) (end -1.7 1.4) (layer F.CrtYd) (width 0.05))
    (pad 1 thru_hole circle (at 0 0 240) (size 1.8 1.8) (drill 1) (layers *.Cu *.Mask))
  )

  (module Footprints:Pin_D0.9mm_L10.0mm_W2.4mm (layer F.Cu) (tedit 5E998EA3) (tstamp 5E9C2C41)
    (at 141.726952 89.31373 240)
    (descr "solder Pin_ with flat fork, hole diameter 0.9mm, length 10.0mm, width 2.4mm")
    (tags "solder Pin_ with flat fork")
    (fp_text reference REF** (at 0 1.95 240) (layer Dwgs.User) hide
      (effects (font (size 1 1) (thickness 0.15)))
    )
    (fp_text value Pin_D0.9mm_L10.0mm_W2.4mm_FlatFork (at 0 -2.05 240) (layer F.Fab)
      (effects (font (size 1 1) (thickness 0.15)))
